N_EUBO=1.000000000,2.918404345,4.701446647,6.275127135,7.565446037,8.498403583,9.000000000,8.996235518,8.413110365
N_STRL=4.354760866,6.685967097,8.234995866,9.000000000,8.979132322,8.170545659,6.572392834,4.182826673,1.000000000
N_STRD=5.810242625,7.280848348,8.374271413,8.983119428,9.000000000,8.317520736,6.828289243,4.424913129,1.000000000
N_STRSTE=1.000000000,2.999986773,4.777247752,6.245127662,7.588520311,8.550879384,9.000000000,8.803677277,7.829706333
N_PLAZI=1.000000000,3.855923597,5.985424717,7.476543138,8.417318640,8.895791001,9.000000000,8.817985416,8.437787028
N_ZENTR=1.000000000,2.123732829,3.380069837,4.685032821,5.954643567,7.104923867,8.051895512,8.711580292,9.000000000
N_VOEU=1.000000000,2.209533445,3.421758732,4.605396591,5.729167751,6.761792942,7.671992895,8.428488337,9.000000000
N_SCHEUL=1.000,3.053,4.802,6.248,7.391,8.230,8.767,9.000,8.930
N_VOWI=1.000000000,2.144546858,3.315239278,4.307749480,5.416522827,6.646966590,7.584956204,8.380603184,9.000000000
N_FESSEL=1.000000000,2.480380942,4.317468263,6.199617897,7.815185776,8.852527832,9.000000000,7.945958211,5.378758399
N_SPW=1.000000000,4.632981048,7.127507142,8.558279665,9.000000000,8.527369531,7.215089641,5.137861714,2.370387133
N_SPAUS=1.000000000,2.464340213,3.835442964,5.093592666,6.219073742,7.192170597,7.993167655,8.602349315,9.000000000
N_TRA=1.000000000,1.945836583,3.432262946,5.170085779,6.870111771,8.243147615,9.000000000,8.851475617,7.508381156