N_EUBO=616205,8.0743203,1.1334574,1.0000000,9.0000000
N_ZENTR=616202,6.5349226,1.5175802,1.0000000,9.0000000
N_VOEU=616217,6.4304917,1.1763375,1.0000000,9.0000000
N_VOWI=288312,5.3915875,1.5778754,1.0000000,9.0000000
N_SCHEUL=616205,7.7624083,1.0012839,1.0000000,9.0000000
N_PLAZI=497622,7.7789179,1.1280424,1.0000000,9.0000000
N_STRSTE=616117,7.2917332,1.1735496,1.0000000,9.0000000
N_STRL=616209,8.4129862,0.9696631,1.0000000,9.0000000
N_STRD=616209,8.6409090,0.6911698,1.0000000,9.0000000
N_SPAUS=616200,6.7119987,1.2027406,1.0000000,9.0000000
N_SPW=616201,8.3783750,0.8712051,1.0000000,9.0000000
N_TRA=543539,7.0985437,1.5921443,1.0000000,9.0000000
N_FESSEL=616212,8.0497316,1.2350068,1.0000000,9.0000000